stack[0] (16816):    752,  4040,  1328,  2320,  2536
stack[1] (16677):    393,  2149,  1137,  1645,  3901
stack[2] (16535):   3050,  1590,  3110,    98,   798
stack[3] (16798):   1439,    99,  3367,  1955,  2839

Program completed successfully
stack[0] (16845):   2944,  4020,  1992,  2352,  2748
stack[1] (16840):   2237,  1901,  1477,     5,   757
stack[2] (16330):   2826,  1162,  3042,    38,  3810
stack[3] (17033):   3083,   643,  1875,   747,   883

Program completed successfully
stack[0] (16979):     36,   568,   844,  2148,  2144
stack[1] (16709):   2313,  2117,  3613,  1181,  1949
stack[2] (16896):   1102,  2710,  4030,  3894,  1562
stack[3] (16990):   3735,   935,  1967,  1431,  1895

Program completed successfully
